T, 0.96014905, -0.26806609, 0.07908464, -66.30560763, -0.25855037, -0.95937645, -0.11290938, 60.26769798, 0.10613911, 0.08796247, -0.99045297, -565.07193891, 0.00000000, 0.00000000, 0.00000000, 1.00000000
ZALT, -588.51535505
UDiaph, -0.10007594, -0.00394876, 0.99497197
Xmech, -0.13095983, -0.99138320, -0.00297734,
Ymech, 0.98698910, -0.13066079, 0.09370309
Zmech, -0.09328469, 0.00933274, 0.99559573
Nxp, -0.07908464, 0.11290938, 0.99045297
Pt_xp, -71.33056439, 41.08805881, -567.32528744
Pt_TT, -81.44740215, 6.81604301, -612.98416989
Nst, -0.09987307, 0.03728951, 0.99430119
Pt_StemTip, -70.81429925, 28.10241602, -605.39069639
