T, 0.97699456, -0.21205541, 0.02267466, -64.62104108, -0.21063453, -0.97612314, -0.05307267, 61.38377562, 0.03338761, 0.04707564, -0.99833319, -561.44631757, 0.00000000, 0.00000000, 0.00000000, 1.00000000
ZALT, -587.56658772
UDiaph, -0.10007594, -0.00394876, 0.99497197
Xmech, -0.13095983, -0.99138320, -0.00297734,
Ymech, 0.98698910, -0.13066079, 0.09370309
Zmech, -0.09328469, 0.00933274, 0.99559573
Nxp, -0.02267466, 0.05307267, 0.99833319
Pt_xp, -71.81260756, 41.68120747, -564.56892085
Pt_TT, -81.44740215, 6.81604301, -612.98416989
Nst, -0.03924244, -0.02367668, 0.99894917
Pt_StemTip, -69.97460879, 31.31235761, -603.25044416
