subjectCode,LegSide,ImplantSize,Alignement,alpha,beta,CV,Min.Max,Min.Mean,mMPTA,TibialSlopeDia,TibialSlopeMech,Lsup,Lflank,Ltip,Ltot,Lshare,LTipCv,LTipStd,LTipMax,Mean.Distance,Wdth.Implt.ML,Wdth.Implt.AP,Wdth.Tib.ML,Wdth.Tib.AP,Ratio.AP,Ratio.ML,LoadStep,Epoch
TRO_L,L,S5,Kine,-3.48,8.03,0.68,0.19,0.28,86.52,8.03,8.03,-1612.33377535,-91.1670368964,-4.80261462689,-1708.30342687,0.00281133582673,0.87456868666,0.0092270602912,0.0529721155763,38.8107127937,13.130998622,13.9743474448,82.0802088412,70.4532720566,0.55236273162,0.86560397244,GC_15,-1
TRO_L,L,S5,Kine,-3.48,8.03,0.68,0.19,0.28,86.52,8.03,8.03,-1924.95907997,-110.102798671,-5.5452826271,-2040.60716127,0.00271746700313,0.884847483459,0.00947005951919,0.0538809299469,38.8107127937,13.130998622,13.9743474448,82.0802088412,70.4532720566,0.55236273162,0.86560397244,GC_50,-1
TRO_L,L,S5,Kine,-3.48,8.03,0.68,0.19,0.28,86.52,8.03,8.03,-2011.14791358,-124.964680508,-7.28741206284,-2143.40000615,0.00339993097039,0.84948808328,0.0145645893414,0.087037332356,38.8107127937,13.130998622,13.9743474448,82.0802088412,70.4532720566,0.55236273162,0.86560397244,CU,-1
TRO_L,L,S5,Kine,-3.48,8.03,0.68,0.19,0.28,86.52,8.03,8.03,-2234.70358905,-127.412179424,-6.78424043762,-2368.90000891,0.00286387792313,0.862750234977,0.0129426343385,0.0755851492286,38.8107127937,13.130998622,13.9743474448,82.0802088412,70.4532720566,0.55236273162,0.86560397244,SU1,-1
TRO_L,L,S5,Kine,-3.48,8.03,0.68,0.19,0.28,86.52,8.03,8.03,-1381.45094932,-117.064566877,-221.126127898,-1719.64164409,0.128588493224,1.2119068682,0.571424234082,2.72792410851,38.8107127937,13.130998622,13.9743474448,82.0802088412,70.4532720566,0.55236273162,0.86560397244,GC_15,0
TRO_L,L,S5,Kine,-3.48,8.03,0.68,0.19,0.28,86.52,8.03,8.03,-1632.19834358,-133.297365378,-287.487481238,-2052.9831902,0.140034016163,1.24727584931,0.78097695045,3.994130373,38.8107127937,13.130998622,13.9743474448,82.0802088412,70.4532720566,0.55236273162,0.86560397244,GC_50,0
TRO_L,L,S5,Kine,-3.48,8.03,0.68,0.19,0.28,86.52,8.03,8.03,-1682.7611967,-160.383083598,-312.985553754,-2156.12983405,0.145160810268,1.20872200948,0.841139939853,4.68497180939,38.8107127937,13.130998622,13.9743474448,82.0802088412,70.4532720566,0.55236273162,0.86560397244,CU,0
TRO_L,L,S5,Kine,-3.48,8.03,0.68,0.19,0.28,86.52,8.03,8.03,-1932.67917769,-126.487417994,-324.777525384,-2383.94412107,0.136235376708,1.19935911475,0.862760885563,4.36053991318,38.8107127937,13.130998622,13.9743474448,82.0802088412,70.4532720566,0.55236273162,0.86560397244,SU1,0
TRO_L,L,S5,Kine,-3.48,8.03,0.68,0.19,0.28,86.52,8.03,8.03,-1374.71971691,-119.34185154,-225.567461891,-1719.62903034,0.131172164409,1.21810847842,0.585472744864,2.73941922188,38.8107127937,13.130998622,13.9743474448,82.0802088412,70.4532720566,0.55236273162,0.86560397244,GC_15,1
TRO_L,L,S5,Kine,-3.48,8.03,0.68,0.19,0.28,86.52,8.03,8.03,-1624.43828662,-135.552672046,-292.973340938,-2052.9642996,0.142707469874,1.25076638733,0.797518675743,4.029941082,38.8107127937,13.130998622,13.9743474448,82.0802088412,70.4532720566,0.55236273162,0.86560397244,GC_50,1
TRO_L,L,S5,Kine,-3.48,8.03,0.68,0.19,0.28,86.52,8.03,8.03,-1673.12336376,-163.282650865,-319.677480624,-2156.08349525,0.148267672068,1.2201284109,0.868230488967,4.72162342072,38.8107127937,13.130998622,13.9743474448,82.0802088412,70.4532720566,0.55236273162,0.86560397244,CU,1
TRO_L,L,S5,Kine,-3.48,8.03,0.68,0.19,0.28,86.52,8.03,8.03,-1924.2120528,-128.217568443,-331.490655134,-2383.92027638,0.139052743675,1.20641314257,0.886919972757,4.40554523468,38.8107127937,13.130998622,13.9743474448,82.0802088412,70.4532720566,0.55236273162,0.86560397244,SU1,1
TRO_L,L,S5,Kine,-3.48,8.03,0.68,0.19,0.28,86.52,8.03,8.03,-1216.93374464,-169.615753318,-332.33641916,-1718.88591712,0.193344081681,1.30434151251,0.909234999271,4.3689904213,38.8107127937,13.130998622,13.9743474448,82.0802088412,70.4532720566,0.55236273162,0.86560397244,GC_15,12
TRO_L,L,S5,Kine,-3.48,8.03,0.68,0.19,0.28,86.52,8.03,8.03,-1437.87355574,-184.895979977,-429.218495553,-2051.98803127,0.20917202684,1.30868151691,1.20336204617,5.51386547089,38.8107127937,13.130998622,13.9743474448,82.0802088412,70.4532720566,0.55236273162,0.86560397244,GC_50,12
TRO_L,L,S5,Kine,-3.48,8.03,0.68,0.19,0.28,86.52,8.03,8.03,-1440.86254313,-227.320768731,-486.45722523,-2154.64053709,0.225771870925,1.3465484805,1.46623144758,8.93629932404,38.8107127937,13.130998622,13.9743474448,82.0802088412,70.4532720566,0.55236273162,0.86560397244,CU,12
TRO_L,L,S5,Kine,-3.48,8.03,0.68,0.19,0.28,86.52,8.03,8.03,-1719.65092505,-167.468545118,-495.618404037,-2382.7378742,0.208003746196,1.28918189557,1.4224547786,7.38683128357,38.8107127937,13.130998622,13.9743474448,82.0802088412,70.4532720566,0.55236273162,0.86560397244,SU1,12
TRO_L,L,S5,Kine,-3.48,8.03,0.68,0.19,0.28,86.52,8.03,8.03,-1148.66568641,-188.748734758,-381.153827515,-1718.56824868,0.221785679915,1.32438022913,1.05062293561,5.37957143784,38.8107127937,13.130998622,13.9743474448,82.0802088412,70.4532720566,0.55236273162,0.86560397244,GC_15,18
TRO_L,L,S5,Kine,-3.48,8.03,0.68,0.19,0.28,86.52,8.03,8.03,-1356.4654035,-203.533799959,-491.579559026,-2051.57876248,0.239610376172,1.31338483633,1.37410930618,6.25342607498,38.8107127937,13.130998622,13.9743474448,82.0802088412,70.4532720566,0.55236273162,0.86560397244,GC_50,18
TRO_L,L,S5,Kine,-3.48,8.03,0.68,0.19,0.28,86.52,8.03,8.03,-1335.30421741,-250.360273789,-568.43604468,-2154.10053588,0.263885568575,1.3779065283,1.73967021485,11.1221437454,38.8107127937,13.130998622,13.9743474448,82.0802088412,70.4532720566,0.55236273162,0.86560397244,CU,18
TRO_L,L,S5,Kine,-3.48,8.03,0.68,0.19,0.28,86.52,8.03,8.03,-1627.37658641,-182.294416865,-572.579731605,-2382.25073488,0.24035242102,1.3061458441,1.65335817352,9.08613109589,38.8107127937,13.130998622,13.9743474448,82.0802088412,70.4532720566,0.55236273162,0.86560397244,SU1,18
TRO_L,L,S5,Kine,-3.48,8.03,0.68,0.19,0.28,86.52,8.03,8.03,-1091.84985727,-202.720368398,-423.736097381,-1718.30632305,0.246601023169,1.32800912271,1.16366313815,6.12866163254,38.8107127937,13.130998622,13.9743474448,82.0802088412,70.4532720566,0.55236273162,0.86560397244,GC_15,24
TRO_L,L,S5,Kine,-3.48,8.03,0.68,0.19,0.28,86.52,8.03,8.03,-1287.92716162,-216.811843283,-546.506638617,-2051.24564352,0.266426715076,1.3083431357,1.5133252979,6.91067934036,38.8107127937,13.130998622,13.9743474448,82.0802088412,70.4532720566,0.55236273162,0.86560397244,GC_50,24
TRO_L,L,S5,Kine,-3.48,8.03,0.68,0.19,0.28,86.52,8.03,8.03,-1247.28853994,-265.484208329,-640.883790247,-2153.65653851,0.297579385936,1.38586560232,1.95583792226,12.761510849,38.8107127937,13.130998622,13.9743474448,82.0802088412,70.4532720566,0.55236273162,0.86560397244,CU,24
TRO_L,L,S5,Kine,-3.48,8.03,0.68,0.19,0.28,86.52,8.03,8.03,-1548.22784851,-193.883870529,-639.74072944,-2381.85244848,0.268589571889,1.30865912584,1.83534166342,10.329867363,38.8107127937,13.130998622,13.9743474448,82.0802088412,70.4532720566,0.55236273162,0.86560397244,SU1,24
TRO_L,L,S5,Kine,-3.48,8.03,0.68,0.19,0.28,86.52,8.03,8.03,-1346.87920333,-128.002089567,-244.612501588,-1719.49379449,0.142258438136,1.24098854304,0.644806941122,2.93891143799,38.8107127937,13.130998622,13.9743474448,82.0802088412,70.4532720566,0.55236273162,0.86560397244,GC_15,3
TRO_L,L,S5,Kine,-3.48,8.03,0.68,0.19,0.28,86.52,8.03,8.03,-1591.62924353,-143.776607774,-317.374678163,-2052.78052946,0.15460721378,1.27140514203,0.876274264706,4.37326431274,38.8107127937,13.130998622,13.9743474448,82.0802088412,70.4532720566,0.55236273162,0.86560397244,GC_50,3
TRO_L,L,S5,Kine,-3.48,8.03,0.68,0.19,0.28,86.52,8.03,8.03,-1633.7352738,-174.593257694,-347.534276981,-2155.86280848,0.16120426384,1.25215897962,0.9723591493,5.16903829575,38.8107127937,13.130998622,13.9743474448,82.0802088412,70.4532720566,0.55236273162,0.86560397244,CU,3
TRO_L,L,S5,Kine,-3.48,8.03,0.68,0.19,0.28,86.52,8.03,8.03,-1888.24372698,-135.858930296,-359.613530093,-2383.71618737,0.150862561575,1.22843095507,0.98310794271,4.78023099899,38.8107127937,13.130998622,13.9743474448,82.0802088412,70.4532720566,0.55236273162,0.86560397244,SU1,3
TRO_L,L,S5,Kine,-3.48,8.03,0.68,0.19,0.28,86.52,8.03,8.03,-1044.31466413,-213.304456681,-460.460176306,-1718.07929712,0.268008686839,1.32292823052,1.25390917598,6.67141771317,38.8107127937,13.130998622,13.9743474448,82.0802088412,70.4532720566,0.55236273162,0.86560397244,GC_15,30
TRO_L,L,S5,Kine,-3.48,8.03,0.68,0.19,0.28,86.52,8.03,8.03,-1230.46700289,-226.427407534,-594.072937005,-2050.96734743,0.289654995116,1.29769427361,1.62526057427,7.43975496292,38.8107127937,13.130998622,13.9743474448,82.0802088412,70.4532720566,0.55236273162,0.86560397244,GC_50,30
TRO_L,L,S5,Kine,-3.48,8.03,0.68,0.19,0.28,86.52,8.03,8.03,-1172.80435784,-276.313814291,-704.164727507,-2153.28289963,0.327019142551,1.37813370313,2.1236296382,13.8822374344,38.8107127937,13.130998622,13.9743474448,82.0802088412,70.4532720566,0.55236273162,0.86560397244,CU,30
TRO_L,L,S5,Kine,-3.48,8.03,0.68,0.19,0.28,86.52,8.03,8.03,-1480.62453212,-203.007882669,-697.772053061,-2381.40446785,0.293008626835,1.30181596238,1.9790543964,11.1552238464,38.8107127937,13.130998622,13.9743474448,82.0802088412,70.4532720566,0.55236273162,0.86560397244,SU1,30
TRO_L,L,S5,Kine,-3.48,8.03,0.68,0.19,0.28,86.52,8.03,8.03,-1003.82396289,-221.757053855,-492.29617062,-1717.87718736,0.286572389599,1.31419486955,1.32779764729,7.06273508072,38.8107127937,13.130998622,13.9743474448,82.0802088412,70.4532720566,0.55236273162,0.86560397244,GC_15,36
TRO_L,L,S5,Kine,-3.48,8.03,0.68,0.19,0.28,86.52,8.03,8.03,-1181.50632179,-234.16539806,-635.043121061,-2050.71484091,0.309669149699,1.2859969043,1.71734135737,7.85548877716,38.8107127937,13.130998622,13.9743474448,82.0802088412,70.4532720566,0.55236273162,0.86560397244,GC_50,36
TRO_L,L,S5,Kine,-3.48,8.03,0.68,0.19,0.28,86.52,8.03,8.03,-1109.1358066,-284.326568802,-759.2437181,-2152.7060935,0.352692697062,1.36303252626,2.25532441241,14.6623859406,38.8107127937,13.130998622,13.9743474448,82.0802088412,70.4532720566,0.55236273162,0.86560397244,CU,36
TRO_L,L,S5,Kine,-3.48,8.03,0.68,0.19,0.28,86.52,8.03,8.03,-1422.26659645,-210.640783459,-748.202162389,-2381.10954229,0.314224166969,1.29092361307,2.09404676194,11.684211731,38.8107127937,13.130998622,13.9743474448,82.0802088412,70.4532720566,0.55236273162,0.86560397244,SU1,36
TRO_L,L,S5,Kine,-3.48,8.03,0.68,0.19,0.28,86.52,8.03,8.03,-969.453071893,-228.305751549,-519.950818801,-1717.70964224,0.302700064094,1.30333363594,1.38859349195,7.35134887695,38.8107127937,13.130998622,13.9743474448,82.0802088412,70.4532720566,0.55236273162,0.86560397244,GC_15,42
TRO_L,L,S5,Kine,-3.48,8.03,0.68,0.19,0.28,86.52,8.03,8.03,-1140.05449342,-240.257956933,-670.192634122,-2050.50508447,0.326842707778,1.27421448836,1.79222059651,8.1744260788,38.8107127937,13.130998622,13.9743474448,82.0802088412,70.4532720566,0.55236273162,0.86560397244,GC_50,42
TRO_L,L,S5,Kine,-3.48,8.03,0.68,0.19,0.28,86.52,8.03,8.03,-1054.96303462,-290.458470216,-807.008430103,-2152.42993494,0.374929012556,1.34837682919,2.36275090924,15.2303218842,38.8107127937,13.130998622,13.9743474448,82.0802088412,70.4532720566,0.55236273162,0.86560397244,CU,42
TRO_L,L,S5,Kine,-3.48,8.03,0.68,0.19,0.28,86.52,8.03,8.03,-1372.07427673,-216.410460111,-791.848762882,-2380.33349972,0.33266294953,1.27940958458,2.18839922384,12.0458669662,38.8107127937,13.130998622,13.9743474448,82.0802088412,70.4532720566,0.55236273162,0.86560397244,SU1,42
TRO_L,L,S5,Kine,-3.48,8.03,0.68,0.19,0.28,86.52,8.03,8.03,-940.301094436,-233.283969304,-543.977218776,-1717.56228252,0.316714697518,1.29268467206,1.43926817104,7.56701612473,38.8107127937,13.130998622,13.9743474448,82.0802088412,70.4532720566,0.55236273162,0.86560397244,GC_15,48
TRO_L,L,S5,Kine,-3.48,8.03,0.68,0.19,0.28,86.52,8.03,8.03,-1105.01171343,-244.885933432,-700.425801197,-2050.32344806,0.341617222326,1.2628287508,1.85394193625,8.41722297668,38.8107127937,13.130998622,13.9743474448,82.0802088412,70.4532720566,0.55236273162,0.86560397244,GC_50,48
TRO_L,L,S5,Kine,-3.48,8.03,0.68,0.19,0.28,86.52,8.03,8.03,-1008.2438783,-295.141765517,-848.804307358,-2152.18995117,0.394390981566,1.33505467236,2.45312189837,15.6546154022,38.8107127937,13.130998622,13.9743474448,82.0802088412,70.4532720566,0.55236273162,0.86560397244,CU,48
TRO_L,L,S5,Kine,-3.48,8.03,0.68,0.19,0.28,86.52,8.03,8.03,-1329.65416508,-220.82818173,-829.642290671,-2380.12463749,0.348570943557,1.2686963147,2.26695754346,12.3771743774,38.8107127937,13.130998622,13.9743474448,82.0802088412,70.4532720566,0.55236273162,0.86560397244,SU1,48
TRO_L,L,S5,Kine,-3.48,8.03,0.68,0.19,0.28,86.52,8.03,8.03,-915.034013469,-237.388977474,-565.018973199,-1717.44196414,0.328988684914,1.28395687282,1.48372630002,7.74254703522,38.8107127937,13.130998622,13.9743474448,82.0802088412,70.4532720566,0.55236273162,0.86560397244,GC_15,54
TRO_L,L,S5,Kine,-3.48,8.03,0.68,0.19,0.28,86.52,8.03,8.03,-1074.85591592,-248.704562745,-726.6189211,-2050.17939976,0.354417238405,1.25327039725,1.9069173974,8.60814666748,38.8107127937,13.130998622,13.9743474448,82.0802088412,70.4532720566,0.55236273162,0.86560397244,GC_50,54
TRO_L,L,S5,Kine,-3.48,8.03,0.68,0.19,0.28,86.52,8.03,8.03,-967.680626417,-298.704640259,-885.600294707,-2151.98556138,0.411527061612,1.32374797135,2.53119698576,16.0058822632,38.8107127937,13.130998622,13.9743474448,82.0802088412,70.4532720566,0.55236273162,0.86560397244,CU,54
TRO_L,L,S5,Kine,-3.48,8.03,0.68,0.19,0.28,86.52,8.03,8.03,-1292.92040281,-224.255554865,-862.778057806,-2379.95401548,0.362518793303,1.25966755442,2.33528311699,12.6466398239,38.8107127937,13.130998622,13.9743474448,82.0802088412,70.4532720566,0.55236273162,0.86560397244,SU1,54
TRO_L,L,S5,Kine,-3.48,8.03,0.68,0.19,0.28,86.52,8.03,8.03,-1304.0635243,-141.617808383,-273.614874302,-1719.29620698,0.159143533959,1.2646519066,0.731964738759,3.19886374474,38.8107127937,13.130998622,13.9743474448,82.0802088412,70.4532720566,0.55236273162,0.86560397244,GC_15,6
TRO_L,L,S5,Kine,-3.48,8.03,0.68,0.19,0.28,86.52,8.03,8.03,-1541.1153187,-157.194591929,-354.210508538,-2052.52041917,0.172573439577,1.28781505474,0.986432206775,4.78493070602,38.8107127937,13.130998622,13.9743474448,82.0802088412,70.4532720566,0.55236273162,0.86560397244,GC_50,6
TRO_L,L,S5,Kine,-3.48,8.03,0.68,0.19,0.28,86.52,8.03,8.03,-1571.08359701,-192.355784199,-392.05329254,-2155.49267375,0.181885699411,1.28909989818,1.13318651033,6.28264760971,38.8107127937,13.130998622,13.9743474448,82.0802088412,70.4532720566,0.55236273162,0.86560397244,CU,6
TRO_L,L,S5,Kine,-3.48,8.03,0.68,0.19,0.28,86.52,8.03,8.03,-1832.81362937,-146.849548176,-403.725097154,-2383.3882747,0.169391240798,1.25250799181,1.12833977787,5.27460479736,38.8107127937,13.130998622,13.9743474448,82.0802088412,70.4532720566,0.55236273162,0.86560397244,SU1,6
TRO_L,L,S5,Kine,-3.48,8.03,0.68,0.19,0.28,86.52,8.03,8.03,-893.083923069,-240.798587508,-583.461361625,-1717.3438722,0.339746378736,1.27637827394,1.52261647806,7.87124967575,38.8107127937,13.130998622,13.9743474448,82.0802088412,70.4532720566,0.55236273162,0.86560397244,GC_15,60
TRO_L,L,S5,Kine,-3.48,8.03,0.68,0.19,0.28,86.52,8.03,8.03,-1048.83850882,-251.748870249,-749.475628563,-2050.06300763,0.36558663113,1.24541597744,1.95329795402,8.95360088348,38.8107127937,13.130998622,13.9743474448,82.0802088412,70.4532720566,0.55236273162,0.86560397244,GC_50,60
TRO_L,L,S5,Kine,-3.48,8.03,0.68,0.19,0.28,86.52,8.03,8.03,-932.429468531,-301.613579246,-917.767855209,-2151.81090299,0.426509529223,1.31394373575,2.59800555282,16.2652568817,38.8107127937,13.130998622,13.9743474448,82.0802088412,70.4532720566,0.55236273162,0.86560397244,CU,60
TRO_L,L,S5,Kine,-3.48,8.03,0.68,0.19,0.28,86.52,8.03,8.03,-1261.00846179,-227.076569486,-891.726890641,-2379.81192191,0.374704774957,1.25200389949,2.39430805446,12.8435535431,38.8107127937,13.130998622,13.9743474448,82.0802088412,70.4532720566,0.55236273162,0.86560397244,SU1,60
TRO_L,L,S5,Kine,-3.48,8.03,0.68,0.19,0.28,86.52,8.03,8.03,-873.788203772,-243.545960552,-599.925997853,-1717.26016218,0.349350675609,1.27060534965,1.55798093882,8.06250667572,38.8107127937,13.130998622,13.9743474448,82.0802088412,70.4532720566,0.55236273162,0.86560397244,GC_15,66
TRO_L,L,S5,Kine,-3.48,8.03,0.68,0.19,0.28,86.52,8.03,8.03,-1026.1679218,-254.163745984,-769.636000946,-2049.96766873,0.37543811675,1.23868479234,1.99406119555,9.38325500488,38.8107127937,13.130998622,13.9743474448,82.0802088412,70.4532720566,0.55236273162,0.86560397244,GC_50,66
TRO_L,L,S5,Kine,-3.48,8.03,0.68,0.19,0.28,86.52,8.03,8.03,-900.909085382,-304.035817026,-946.702521329,-2151.64742374,0.439989614881,1.30654139786,2.65925621388,16.4954357147,38.8107127937,13.130998622,13.9743474448,82.0802088412,70.4532720566,0.55236273162,0.86560397244,CU,66
TRO_L,L,S5,Kine,-3.48,8.03,0.68,0.19,0.28,86.52,8.03,8.03,-1232.85139532,-229.183591588,-917.655393027,-2379.69037993,0.38561965908,1.24573498825,2.44726982813,13.011885643,38.8107127937,13.130998622,13.9743474448,82.0802088412,70.4532720566,0.55236273162,0.86560397244,SU1,66
TRO_L,L,S5,Mech,0.0,7.0,0.67,0.17,0.24,86.52,8.03,8.03,-1615.35287109,-85.1734376802,-5.39815593106,-1705.9244647,0.00316435811946,0.926065395262,0.0106843075969,0.0437048599124,39.4609350575,13.0604825198,13.8742814178,82.0802088412,70.5108317976,0.559101104343,0.977913709507,GC_15,-1
TRO_L,L,S5,Mech,0.0,7.0,0.67,0.17,0.24,86.52,8.03,8.03,-1927.2919822,-104.174283181,-6.46795152334,-2037.9342169,0.00317377836326,0.877379171908,0.0108847829642,0.0446212813258,39.4609350575,13.0604825198,13.8742814178,82.0802088412,70.5108317976,0.559101104343,0.977913709507,GC_50,-1
TRO_L,L,S5,Mech,0.0,7.0,0.67,0.17,0.24,86.52,8.03,8.03,-2006.78910235,-123.480021965,-7.6642668082,-2137.93339113,0.0035848950393,0.908920311139,0.0169021150999,0.0773310214281,39.4609350575,13.0604825198,13.8742814178,82.0802088412,70.5108317976,0.559101104343,0.977913709507,CU,-1
TRO_L,L,S5,Mech,0.0,7.0,0.67,0.17,0.24,86.52,8.03,8.03,-2234.99215692,-118.830226681,-7.57007637718,-2361.39245998,0.00320576799727,0.915946303684,0.015127050204,0.0642762854695,39.4609350575,13.0604825198,13.8742814178,82.0802088412,70.5108317976,0.559101104343,0.977913709507,SU1,-1
TRO_L,L,S5,Mech,0.0,7.0,0.67,0.17,0.24,86.52,8.03,8.03,-1368.03800362,-119.230947648,-228.860653311,-1716.12960458,0.133358606891,1.23384909315,0.602430940733,3.08856511116,39.4609350575,13.0604825198,13.8742814178,82.0802088412,70.5108317976,0.559101104343,0.977913709507,GC_15,0
TRO_L,L,S5,Mech,0.0,7.0,0.67,0.17,0.24,86.52,8.03,8.03,-1616.06008203,-131.164649556,-301.787579568,-2049.01231116,0.147284414996,1.26884822459,0.833210747237,4.46895313263,39.4609350575,13.0604825198,13.8742814178,82.0802088412,70.5108317976,0.559101104343,0.977913709507,GC_50,0
TRO_L,L,S5,Mech,0.0,7.0,0.67,0.17,0.24,86.52,8.03,8.03,-1700.09739585,-154.810333455,-296.996237181,-2151.90396649,0.138015562872,1.18664978309,0.784899475274,3.45015525818,39.4609350575,13.0604825198,13.8742814178,82.0802088412,70.5108317976,0.559101104343,0.977913709507,CU,0
TRO_L,L,S5,Mech,0.0,7.0,0.67,0.17,0.24,86.52,8.03,8.03,-1910.01635232,-139.171637996,-330.000861318,-2379.18885163,0.138703096684,1.21110665393,0.874333661751,4.27594327927,39.4609350575,13.0604825198,13.8742814178,82.0802088412,70.5108317976,0.559101104343,0.977913709507,SU1,0
TRO_L,L,S5,Mech,0.0,7.0,0.67,0.17,0.24,86.52,8.03,8.03,-1362.17184248,-121.306392,-232.629087656,-1716.10732213,0.135556258432,1.24603849578,0.617976675649,3.19508218765,39.4609350575,13.0604825198,13.8742814178,82.0802088412,70.5108317976,0.559101104343,0.977913709507,GC_15,1
TRO_L,L,S5,Mech,0.0,7.0,0.67,0.17,0.24,86.52,8.03,8.03,-1609.14691104,-133.217337753,-306.622116415,-2048.9863652,0.149645757347,1.28034365753,0.854061573532,4.63464260101,39.4609350575,13.0604825198,13.8742814178,82.0802088412,70.5108317976,0.559101104343,0.977913709507,GC_50,1
TRO_L,L,S5,Mech,0.0,7.0,0.67,0.17,0.24,86.52,8.03,8.03,-1693.12714237,-157.269303343,-301.449863911,-2151.84630962,0.140088937841,1.1963335487,0.803781893742,3.58047413826,39.4609350575,13.0604825198,13.8742814178,82.0802088412,70.5108317976,0.559101104343,0.977913709507,CU,1
TRO_L,L,S5,Mech,0.0,7.0,0.67,0.17,0.24,86.52,8.03,8.03,-1902.20580302,-141.481692681,-335.456926387,-2379.14442208,0.140998975629,1.22189976611,0.896299007094,4.42147922516,39.4609350575,13.0604825198,13.8742814178,82.0802088412,70.5108317976,0.559101104343,0.977913709507,SU1,1
TRO_L,L,S5,Mech,0.0,7.0,0.67,0.17,0.24,86.52,8.03,8.03,-1211.29290439,-171.523798005,-332.808552442,-1715.62525484,0.193986741279,1.3796263062,0.960384963353,4.66411066055,39.4609350575,13.0604825198,13.8742814178,82.0802088412,70.5108317976,0.559101104343,0.977913709507,GC_15,12
TRO_L,L,S5,Mech,0.0,7.0,0.67,0.17,0.24,86.52,8.03,8.03,-1431.15774557,-182.59848405,-434.503643656,-2048.25987328,0.212133064424,1.39417423911,1.2959411051,6.94895839691,39.4609350575,13.0604825198,13.8742814178,82.0802088412,70.5108317976,0.559101104343,0.977913709507,GC_50,12
TRO_L,L,S5,Mech,0.0,7.0,0.67,0.17,0.24,86.52,8.03,8.03,-1498.48668486,-217.929850559,-434.538062219,-2150.95459764,0.202021029498,1.31033566356,1.26751219493,7.03762722015,39.4609350575,13.0604825198,13.8742814178,82.0802088412,70.5108317976,0.559101104343,0.977913709507,CU,12
TRO_L,L,S5,Mech,0.0,7.0,0.67,0.17,0.24,86.52,8.03,8.03,-1704.58411231,-187.724682735,-485.979538531,-2378.28833357,0.204340042236,1.33152549572,1.39944497574,6.50224781036,39.4609350575,13.0604825198,13.8742814178,82.0802088412,70.5108317976,0.559101104343,0.977913709507,SU1,12
TRO_L,L,S5,Mech,0.0,7.0,0.67,0.17,0.24,86.52,8.03,8.03,-1143.8376028,-192.440178456,-379.124776038,-1715.40255729,0.221012131774,1.4132003807,1.11081180485,5.40537214279,39.4609350575,13.0604825198,13.8742814178,82.0802088412,70.5108317976,0.559101104343,0.977913709507,GC_15,18
TRO_L,L,S5,Mech,0.0,7.0,0.67,0.17,0.24,86.52,8.03,8.03,-1350.96456806,-202.987919625,-494.041134998,-2047.99362269,0.241231774125,1.41859602033,1.48648079183,7.71928501129,39.4609350575,13.0604825198,13.8742814178,82.0802088412,70.5108317976,0.559101104343,0.977913709507,GC_50,18
TRO_L,L,S5,Mech,0.0,7.0,0.67,0.17,0.24,86.52,8.03,8.03,-1405.95878831,-244.80696564,-500.073196499,-2150.83895045,0.232501460137,1.34738776765,1.488198676,8.71326637268,39.4609350575,13.0604825198,13.8742814178,82.0802088412,70.5108317976,0.559101104343,0.977913709507,CU,18
TRO_L,L,S5,Mech,0.0,7.0,0.67,0.17,0.24,86.52,8.03,8.03,-1615.39561502,-205.416433931,-557.486493583,-2378.29854253,0.23440559863,1.36216982938,1.62796110589,7.77141666412,39.4609350575,13.0604825198,13.8742814178,82.0802088412,70.5108317976,0.559101104343,0.977913709507,SU1,18
TRO_L,L,S5,Mech,0.0,7.0,0.67,0.17,0.24,86.52,8.03,8.03,-1088.25766021,-207.041623451,-419.926014926,-1715.22529859,0.244822656983,1.42884627861,1.23518395204,6.13602828979,39.4609350575,13.0604825198,13.8742814178,82.0802088412,70.5108317976,0.559101104343,0.977913709507,GC_15,24
TRO_L,L,S5,Mech,0.0,7.0,0.67,0.17,0.24,86.52,8.03,8.03,-1284.39604698,-216.334579277,-547.017458343,-2047.7480846,0.26713122696,1.42711156632,1.64487137865,8.29780864716,39.4609350575,13.0604825198,13.8742814178,82.0802088412,70.5108317976,0.559101104343,0.977913709507,GC_50,24
TRO_L,L,S5,Mech,0.0,7.0,0.67,0.17,0.24,86.52,8.03,8.03,-1327.60570079,-263.883957342,-559.017212529,-2150.50687066,0.259946722401,1.36734143506,1.67435064554,10.0988941193,39.4609350575,13.0604825198,13.8742814178,82.0802088412,70.5108317976,0.559101104343,0.977913709507,CU,24
TRO_L,L,S5,Mech,0.0,7.0,0.67,0.17,0.24,86.52,8.03,8.03,-1540.12716965,-217.006222231,-620.808175965,-2377.94156785,0.261069567208,1.37827787932,1.81937154445,9.02511501312,39.4609350575,13.0604825198,13.8742814178,82.0802088412,70.5108317976,0.559101104343,0.977913709507,SU1,24
TRO_L,L,S5,Mech,0.0,7.0,0.67,0.17,0.24,86.52,8.03,8.03,-1335.87734271,-129.402848252,-250.822579561,-1716.10277052,0.14615825105,1.28228577853,0.683392261368,3.5470495224,39.4609350575,13.0604825198,13.8742814178,82.0802088412,70.5108317976,0.559101104343,0.977913709507,GC_15,3
TRO_L,L,S5,Mech,0.0,7.0,0.67,0.17,0.24,86.52,8.03,8.03,-1578.13191897,-140.894239521,-329.815438692,-2048.84159718,0.160976543597,1.31265391463,0.939583877942,5.17616987228,39.4609350575,13.0604825198,13.8742814178,82.0802088412,70.5108317976,0.559101104343,0.977913709507,GC_50,3
TRO_L,L,S5,Mech,0.0,7.0,0.67,0.17,0.24,86.52,8.03,8.03,-1660.52133075,-167.023477434,-324.128837985,-2151.67364617,0.150640334589,1.22398392316,0.886129427678,4.17462539673,39.4609350575,13.0604825198,13.8742814178,82.0802088412,70.5108317976,0.559101104343,0.977913709507,CU,3
TRO_L,L,S5,Mech,0.0,7.0,0.67,0.17,0.24,86.52,8.03,8.03,-1867.46570017,-149.606413448,-361.873812226,-2378.94592584,0.152115190302,1.25231154109,0.989617611716,4.89397239685,39.4609350575,13.0604825198,13.8742814178,82.0802088412,70.5108317976,0.559101104343,0.977913709507,SU1,3
TRO_L,L,S5,Mech,0.0,7.0,0.67,0.17,0.24,86.52,8.03,8.03,-1040.91006517,-216.777105955,-457.391989778,-1715.0791609,0.266688558876,1.42562420077,1.33660231249,6.74995565414,39.4609350575,13.0604825198,13.8742814178,82.0802088412,70.5108317976,0.559101104343,0.977913709507,GC_15,30
TRO_L,L,S5,Mech,0.0,7.0,0.67,0.17,0.24,86.52,8.03,8.03,-1227.09986392,-225.21272894,-595.254367121,-2047.56695998,0.290713016352,1.42255500284,1.77484752365,8.72931861877,39.4609350575,13.0604825198,13.8742814178,82.0802088412,70.5108317976,0.559101104343,0.977913709507,GC_50,30
TRO_L,L,S5,Mech,0.0,7.0,0.67,0.17,0.24,86.52,8.03,8.03,-1259.81222807,-277.27809768,-613.135664966,-2150.22599072,0.285149406441,1.37236993457,1.83066514123,11.2125177383,39.4609350575,13.0604825198,13.8742814178,82.0802088412,70.5108317976,0.559101104343,0.977913709507,CU,30
TRO_L,L,S5,Mech,0.0,7.0,0.67,0.17,0.24,86.52,8.03,8.03,-1474.98827945,-224.268779141,-678.424701478,-2377.68176007,0.28533032169,1.38011320871,1.97854750014,10.030257225,39.4609350575,13.0604825198,13.8742814178,82.0802088412,70.5108317976,0.559101104343,0.977913709507,SU1,30
TRO_L,L,S5,Mech,0.0,7.0,0.67,0.17,0.24,86.52,8.03,8.03,-999.442407248,-223.859132095,-491.647111409,-1714.94865075,0.286683284187,1.41380366287,1.42086518832,7.2649564743,39.4609350575,13.0604825198,13.8742814178,82.0802088412,70.5108317976,0.559101104343,0.977913709507,GC_15,36
TRO_L,L,S5,Mech,0.0,7.0,0.67,0.17,0.24,86.52,8.03,8.03,-1176.6220026,-231.563731248,-639.221381727,-2047.40711558,0.312210198383,1.40974853953,1.88165272048,9.04319477081,39.4609350575,13.0604825198,13.8742814178,82.0802088412,70.5108317976,0.559101104343,0.977913709507,GC_50,36
TRO_L,L,S5,Mech,0.0,7.0,0.67,0.17,0.24,86.52,8.03,8.03,-1200.44740057,-286.597988806,-663.147777158,-2150.19316654,0.30841311724,1.36566254691,1.96094096444,12.0846214294,39.4609350575,13.0604825198,13.8742814178,82.0802088412,70.5108317976,0.559101104343,0.977913709507,CU,36
TRO_L,L,S5,Mech,0.0,7.0,0.67,0.17,0.24,86.52,8.03,8.03,-1417.32954694,-228.956815428,-731.168983183,-2377.45534555,0.307542677742,1.37180610232,2.10969738664,10.7863130569,39.4609350575,13.0604825198,13.8742814178,82.0802088412,70.5108317976,0.559101104343,0.977913709507,SU1,36
TRO_L,L,S5,Mech,0.0,7.0,0.67,0.17,0.24,86.52,8.03,8.03,-962.940911903,-228.931554505,-522.959742917,-1714.83220933,0.304962631372,1.39789920925,1.4910602885,7.70094966888,39.4609350575,13.0604825198,13.8742814178,82.0802088412,70.5108317976,0.559101104343,0.977913709507,GC_15,42
TRO_L,L,S5,Mech,0.0,7.0,0.67,0.17,0.24,86.52,8.03,8.03,-1131.83977303,-236.315039046,-679.1103555,-2047.26516758,0.331715874551,1.39227475829,1.96915448334,9.49413204193,39.4609350575,13.0604825198,13.8742814178,82.0802088412,70.5108317976,0.559101104343,0.977913709507,GC_50,42
TRO_L,L,S5,Mech,0.0,7.0,0.67,0.17,0.24,86.52,8.03,8.03,-1147.7826006,-293.11947916,-709.052724808,-2149.95480457,0.329798897773,1.35250970412,2.06735653359,12.749704361,39.4609350575,13.0604825198,13.8742814178,82.0802088412,70.5108317976,0.559101104343,0.977913709507,CU,42
TRO_L,L,S5,Mech,0.0,7.0,0.67,0.17,0.24,86.52,8.03,8.03,-1365.85947186,-232.19231192,-779.203467744,-2377.25525153,0.327774422727,1.35755009315,2.2171903898,11.3275823593,39.4609350575,13.0604825198,13.8742814178,82.0802088412,70.5108317976,0.559101104343,0.977913709507,SU1,42
TRO_L,L,S5,Mech,0.0,7.0,0.67,0.17,0.24,86.52,8.03,8.03,-930.754947164,-232.780017236,-551.190275667,-1714.72524007,0.321445245447,1.38068156107,1.54935192076,8.06822681427,39.4609350575,13.0604825198,13.8742814178,82.0802088412,70.5108317976,0.559101104343,0.977913709507,GC_15,48
TRO_L,L,S5,Mech,0.0,7.0,0.67,0.17,0.24,86.52,8.03,8.03,-1092.70299851,-239.05456252,-715.376629706,-2047.13419074,0.34945272906,1.37332661155,2.04142087106,9.90267658234,39.4609350575,13.0604825198,13.8742814178,82.0802088412,70.5108317976,0.559101104343,0.977913709507,GC_50,48
TRO_L,L,S5,Mech,0.0,7.0,0.67,0.17,0.24,86.52,8.03,8.03,-1100.70746,-298.061496995,-750.961278295,-2149.73023529,0.349328146373,1.3365072384,2.15701143454,13.2774238586,39.4609350575,13.0604825198,13.8742814178,82.0802088412,70.5108317976,0.559101104343,0.977913709507,CU,48
TRO_L,L,S5,Mech,0.0,7.0,0.67,0.17,0.24,86.52,8.03,8.03,-1320.20178495,-234.42616657,-822.470069454,-2377.09802097,0.345997540782,1.34103751631,2.30562819702,11.7111301422,39.4609350575,13.0604825198,13.8742814178,82.0802088412,70.5108317976,0.559101104343,0.977913709507,SU1,48
TRO_L,L,S5,Mech,0.0,7.0,0.67,0.17,0.24,86.52,8.03,8.03,-901.972754737,-235.775175134,-576.880292691,-1714.62822256,0.336446283282,1.36341619894,1.59941393678,8.38332748413,39.4609350575,13.0604825198,13.8742814178,82.0802088412,70.5108317976,0.559101104343,0.977913709507,GC_15,54
TRO_L,L,S5,Mech,0.0,7.0,0.67,0.17,0.24,86.52,8.03,8.03,-1057.36619224,-241.875633177,-747.776492884,-2047.0183183,0.365300342551,1.35423591311,2.10089558013,10.2498693466,39.4609350575,13.0604825198,13.8742814178,82.0802088412,70.5108317976,0.559101104343,0.977913709507,GC_50,54
TRO_L,L,S5,Mech,0.0,7.0,0.67,0.17,0.24,86.52,8.03,8.03,-1058.51491504,-301.72883007,-789.282123384,-2149.5258685,0.367188939176,1.32118262314,2.23522764348,13.7068634033,39.4609350575,13.0604825198,13.8742814178,82.0802088412,70.5108317976,0.559101104343,0.977913709507,CU,54
TRO_L,L,S5,Mech,0.0,7.0,0.67,0.17,0.24,86.52,8.03,8.03,-1279.08887796,-236.08507944,-861.761455269,-2376.93541267,0.36255148149,1.324224458,2.38083774058,12.0035505295,39.4609350575,13.0604825198,13.8742814178,82.0802088412,70.5108317976,0.559101104343,0.977913709507,SU1,54
TRO_L,L,S5,Mech,0.0,7.0,0.67,0.17,0.24,86.52,8.03,8.03,-1295.25074888,-142.93809162,-277.747802352,-1715.93664285,0.161863669914,1.32565563477,0.778273928443,3.9886097908,39.4609350575,13.0604825198,13.8742814178,82.0802088412,70.5108317976,0.559101104343,0.977913709507,GC_15,6
TRO_L,L,S5,Mech,0.0,7.0,0.67,0.17,0.24,86.52,8.03,8.03,-1530.28454079,-154.225485405,-364.128768852,-2048.63879504,0.177741810676,1.34999935349,1.06228236663,5.86466121674,39.4609350575,13.0604825198,13.8742814178,82.0802088412,70.5108317976,0.559101104343,0.977913709507,GC_50,6
TRO_L,L,S5,Mech,0.0,7.0,0.67,0.17,0.24,86.52,8.03,8.03,-1609.02299123,-183.415402583,-359.032667304,-2151.47106111,0.166877758104,1.2583389182,1.01035553989,5.09541416168,39.4609350575,13.0604825198,13.8742814178,82.0802088412,70.5108317976,0.559101104343,0.977913709507,CU,6
TRO_L,L,S5,Mech,0.0,7.0,0.67,0.17,0.24,86.52,8.03,8.03,-1814.39001438,-162.406936045,-401.864239238,-2378.66118966,0.168945556847,1.2877568828,1.12785923335,5.48591804504,39.4609350575,13.0604825198,13.8742814178,82.0802088412,70.5108317976,0.559101104343,0.977913709507,SU1,6
TRO_L,L,S5,Mech,0.0,7.0,0.67,0.17,0.24,86.52,8.03,8.03,-876.04576215,-238.138642333,-600.35204779,-1714.53645227,0.350154146326,1.3462665729,1.64210127212,8.6457901001,39.4609350575,13.0604825198,13.8742814178,82.0802088412,70.5108317976,0.559101104343,0.977913709507,GC_15,60
TRO_L,L,S5,Mech,0.0,7.0,0.67,0.17,0.24,86.52,8.03,8.03,-1025.68058275,-243.95316667,-777.273124143,-2046.90687356,0.379730575036,1.33490135687,2.14991946152,10.5395412445,39.4609350575,13.0604825198,13.8742814178,82.0802088412,70.5108317976,0.559101104343,0.977913709507,GC_50,60
TRO_L,L,S5,Mech,0.0,7.0,0.67,0.17,0.24,86.52,8.03,8.03,-1019.9576381,-304.601524018,-824.71278795,-2149.27195006,0.383717280601,1.30565721838,2.30312892743,14.0636873245,39.4609350575,13.0604825198,13.8742814178,82.0802088412,70.5108317976,0.559101104343,0.977913709507,CU,60
TRO_L,L,S5,Mech,0.0,7.0,0.67,0.17,0.24,86.52,8.03,8.03,-1241.89884659,-237.20967824,-897.673043682,-2376.78156851,0.377684283476,1.30686796442,2.4439568209,12.3506965637,39.4609350575,13.0604825198,13.8742814178,82.0802088412,70.5108317976,0.559101104343,0.977913709507,SU1,60
TRO_L,L,S5,Mech,0.0,7.0,0.67,0.17,0.24,86.52,8.03,8.03,-852.310883055,-239.962452109,-622.180924583,-1714.45425975,0.36290319269,1.32726096777,1.67661578204,8.8546962738,39.4609350575,13.0604825198,13.8742814178,82.0802088412,70.5108317976,0.559101104343,0.977913709507,GC_15,66
TRO_L,L,S5,Mech,0.0,7.0,0.67,0.17,0.24,86.52,8.03,8.03,-996.833079387,-245.56549506,-804.408010863,-2046.80658531,0.393006362514,1.31495855332,2.1891933495,10.77987957,39.4609350575,13.0604825198,13.8742814178,82.0802088412,70.5108317976,0.559101104343,0.977913709507,GC_50,66
TRO_L,L,S5,Mech,0.0,7.0,0.67,0.17,0.24,86.52,8.03,8.03,-984.524595797,-306.74593061,-857.822513056,-2149.09303946,0.399155596014,1.29010626011,2.36229844966,14.3548088074,39.4609350575,13.0604825198,13.8742814178,82.0802088412,70.5108317976,0.559101104343,0.977913709507,CU,66
TRO_L,L,S5,Mech,0.0,7.0,0.67,0.17,0.24,86.52,8.03,8.03,-1207.99754522,-237.868059329,-930.967354244,-2376.83295879,0.391683963655,1.288202696,2.49558213737,12.6263809204,39.4609350575,13.0604825198,13.8742814178,82.0802088412,70.5108317976,0.559101104343,0.977913709507,SU1,66
